results

KNN k=2
[[ 976    1    1    0    0    1    0    1    0    0]
 [   0 1133    2    0    0    0    0    0    0    0]
 [  11   10  995    1    2    0    0   12    1    0]
 [   1    1    8  981    1    9    0    6    2    1]
 [   3    7    0    0  959    0    2    3    0    8]
 [   6    2    0   25    2  850    2    1    1    3]
 [   7    3    0    0    5    4  939    0    0    0]
 [   0   29    8    2    3    0    0  981    0    5]
 [  10    2    8   28    9   29    4    5  876    3]
 [   6    6    3    9   19    4    1   22    2  937]]
[0.99591837 0.99823789 0.96414729 0.97128713 0.97657841 0.9529148
 0.98016701 0.95428016 0.89938398 0.92864222]
hit_rate mean:  0.962155725180416

KNN k=3
[[ 974    1    1    0    0    1    2    1    0    0]
 [   0 1133    2    0    0    0    0    0    0    0]
 [  10    9  996    2    0    0    0   13    2    0]
 [   0    2    4  976    1   13    1    7    3    3]
 [   1    6    0    0  950    0    4    2    0   19]
 [   6    1    0   11    2  859    5    1    3    4]
 [   5    3    0    0    3    3  944    0    0    0]
 [   0   21    5    0    1    0    0  991    0   10]
 [   8    2    4   16    8   11    3    4  914    4]
 [   4    5    2    8    9    2    1    8    2  968]]
[0.99387755 0.99823789 0.96511628 0.96633663 0.96741344 0.96300448
 0.98538622 0.96400778 0.93839836 0.95936571]
hit_rate mean:  0.970114434478368

KNN k=4
[[ 976    1    1    0    0    1    0    1    0    0]
 [   0 1133    2    0    0    0    0    0    0    0]
 [  11    8  993    1    1    0    0   16    2    0]
 [   0    2    5  979    1   10    1    7    2    3]
 [   3    9    0    0  952    0    4    1    0   13]
 [   4    0    0   17    2  862    5    1    0    1]
 [   6    3    0    0    4    3  942    0    0    0]
 [   0   23    5    0    5    0    0  988    0    7]
 [   9    3    5   16    6   19    5    5  902    4]
 [   4    6    3    6   13    4    1   16    1  955]]
[0.99591837 0.99823789 0.9622093  0.96930693 0.9694501  0.96636771
 0.98329854 0.96108949 0.92607803 0.94648167]
hit_rate mean:  0.9678438027213476

KNN k=5
[[ 974    1    1    0    0    1    2    1    0    0]
 [   0 1133    2    0    0    0    0    0    0    0]
 [  11    8  991    2    1    0    1   15    3    0]
 [   0    3    3  976    1   13    1    6    3    4]
 [   3    7    0    0  944    0    4    2    1   21]
 [   5    0    0   12    2  862    4    1    2    4]
 [   5    3    0    0    3    2  945    0    0    0]
 [   0   22    4    0    3    0    0  988    0   11]
 [   8    3    5   13    6   12    5    5  913    4]
 [   5    7    3    9    7    3    1   10    2  962]]
[0.99387755 0.99823789 0.96027132 0.96633663 0.96130346 0.96636771
 0.98643006 0.96108949 0.93737166 0.95341923]
hit_rate mean:  0.9684705010297703

KNN k=10
[[ 972    1    1    0    0    2    3    1    0    0]
 [   0 1132    2    0    0    0    1    0    0    0]
 [  13   12  982    2    1    0    2   17    3    0]
 [   0    3    3  976    1   10    1    7    6    3]
 [   2   11    0    0  940    0    4    1    1   23]
 [   4    0    0   12    1  863    6    1    1    4]
 [   6    4    0    0    3    2  943    0    0    0]
 [   0   27    4    0    2    0    0  983    0   12]
 [   6    4    5   11    7    9    4    7  914    7]
 [   7    6    3    7   10    3    1   10    2  960]]
[0.99183673 0.99735683 0.95155039 0.96633663 0.95723014 0.96748879
 0.98434238 0.95622568 0.93839836 0.95143707]
hit_rate mean:  0.9662203000535842

KNN k=20
[[ 970    1    1    0    0    2    5    1    0    0]
 [   0 1130    2    1    0    0    2    0    0    0]
 [  17   18  962    6    2    0    3   18    6    0]
 [   0    3    2  980    1    9    0    8    4    3]
 [   1   14    0    0  935    0    5    2    1   24]
 [   3    1    0   10    2  861   10    1    0    4]
 [   8    4    0    0    3    1  941    0    1    0]
 [   0   28    4    0    2    0    0  979    0   15]
 [   7    4    5   13    6   11    3    8  908    9]
 [   7    6    2   10   10    2    1   11    1  959]]
[0.98979592 0.99559471 0.93217054 0.97029703 0.95213849 0.96524664
 0.9822547  0.95233463 0.93223819 0.95044599]
hit_rate mean:  0.9622516840784918

LDA
[[ 940    0    1    4    2   13    9    1    9    1]
 [   0 1096    4    3    2    2    3    0   25    0]
 [  15   32  816   34   21    5   37    9   57    6]
 [   5    5   25  883    4   25    3   16   29   15]
 [   0   12    6    0  888    4    7    2   10   53]
 [   8    8    4   44   12  735   15   10   38   18]
 [  12    8   11    0   25   29  857    0   16    0]
 [   2   30   15    9   22    2    0  864    4   80]
 [   7   27    8   27   20   53   10    6  790   26]
 [   9    7    1   13   63    6    0   37   12  861]]
[0.95918367 0.96563877 0.79069767 0.87425743 0.90427699 0.82399103
 0.89457203 0.84046693 0.8110883  0.85332012]
hit_rate mean:  0.8717492923023654